401
541
346
108
79
326
29
80
9
503
312
561
305
390
415
312
185
390
390
345
152
301
185
344
460
10
151
32
482
567
456
177
38
88
93
182
120
383
572
160
59
146
160
4
541
47
377
357
515
86
58
8
578
397
175
488
585
173
501
173
327
373
166
210
327
172
75
427
34
165
40
51
598
328
378
43
63
61
188
336
304
186
203
32
355
207
545
490
552
30
4
51
341
26
566
407
42
349
190
492
509
422
90
447
400
334
445
191
366
12
319
71
155
54
595
548
170
307
455
376
431
560
74
33
169
155
417
601
330
359
335
480
57
204
339
406
380
208
384
453
44
122
85
180
196
69
390
426
306
532
472
398
393
83
414
107
89
32
542
154
179
141
563
409
363
31
35
56
161
463
586
385
158
376
51
518
520
143
369
176
11
119
3
144
602
549
558
351
478
489
315
450
157
49
4
332
487
140
33
405
386
467
159
57
420
375
350
399
92
173
73
159
510
87
479
33
568
187
574
500
403
97
409
12
557
65
128
355
356
582
184
7
76
505
151
116
423
466
138
162
51
318
347
527
4
33
502
555
195
475
464
181
367
84
372
372
394
350
194
27
402
74
459
358
59
499
597
139
314
37
59
525
39
506
206
338
142
329
551
392
72
150
481
307
416
164
559
111
495
29
469
388
53
189
171
82
433
486
166
333
526
110
579
2275
385
884
5329
3895
401
822
582
3742
2846
2097
179
4212
386
3891
5240
4769
4526
2745
2733
923
582
884
3742
822
385
2275
401
3895
5329
2846
4212
2097
179
3891
386
3895
2097
4212
5329
3895
2097
3895
2097
4212
5329
3895
2097
4212
5329
